image: map.pgm
resolution: 0.050000
origin: [-54.600002, -54.600002, -nan]
negate: 0
occupied_thresh: 0.65
free_thresh: 0.196

